0,False
0,False
0,False
0,False
